Classification Report:
              precision    recall  f1-score   support

           0       0.90      1.00      0.95         9
           1       1.00      1.00      1.00         8
           2       1.00      1.00      1.00         8
           3       1.00      1.00      1.00         9
           4       0.88      0.78      0.82         9
           5       1.00      1.00      1.00        10
           6       1.00      0.80      0.89        10
           7       1.00      1.00      1.00         8
           8       0.88      0.88      0.88         8
           9       0.89      1.00      0.94         8
          10       1.00      0.88      0.93         8
          11       0.88      0.88      0.88         8
          12       1.00      0.80      0.89        10
          13       0.90      1.00      0.95         9
          14       1.00      0.89      0.94         9
          15       0.90      1.00      0.95         9
          16       1.00      1.00      1.00         8
          17       1.00      0.70      0.82        10
          18       0.58      0.78      0.67         9
          19       0.75      0.67      0.71         9
          20       1.00      1.00      1.00         8
          21       1.00      0.89      0.94         9
          22       0.43      0.33      0.38         9
          23       0.89      0.80      0.84        10
          24       0.71      0.71      0.71         7
          25       0.89      0.80      0.84        10
          26       0.75      0.67      0.71         9
          27       1.00      0.22      0.36         9
          28       1.00      1.00      1.00         9
          29       1.00      1.00      1.00         8
          30       0.86      0.86      0.86         7
          31       0.67      0.75      0.71         8
          32       1.00      0.80      0.89        10
          33       0.80      0.89      0.84         9
          34       0.88      0.88      0.88         8
          35       0.83      0.62      0.71         8
          36       0.91      1.00      0.95        10
          37       1.00      1.00      1.00         8
          38       0.58      0.88      0.70         8
          39       0.89      1.00      0.94         8
          40       1.00      0.89      0.94         9
          41       1.00      0.89      0.94         9
          42       0.88      1.00      0.93         7
          43       1.00      1.00      1.00         9
          44       1.00      1.00      1.00         9
          45       1.00      1.00      1.00        13
          46       1.00      1.00      1.00         8
          47       0.89      0.89      0.89         9
          48       0.88      0.88      0.88         8
          49       0.89      1.00      0.94         8
          50       1.00      1.00      1.00         9
          51       1.00      1.00      1.00         9
          52       1.00      0.75      0.86         8
          53       0.80      1.00      0.89         8
          54       1.00      1.00      1.00         9
          55       0.60      0.75      0.67         8
          56       0.58      0.78      0.67         9
          57       0.60      0.75      0.67         8
          58       0.89      1.00      0.94         8
          59       1.00      1.00      1.00         9
          60       0.90      1.00      0.95         9
          61       0.80      0.89      0.84         9
          62       1.00      1.00      1.00        10
          63       1.00      0.88      0.93         8
          64       0.90      0.82      0.86        11
          65       0.80      0.89      0.84         9
          66       0.55      0.75      0.63         8
          67       0.82      1.00      0.90         9
          68       0.90      1.00      0.95         9
          69       1.00      0.71      0.83         7
          70       1.00      0.88      0.93         8
          71       1.00      1.00      1.00         8
          72       0.88      1.00      0.93         7
          73       0.78      0.88      0.82         8
          74       1.00      0.88      0.93         8

    accuracy                           0.88       650
   macro avg       0.89      0.88      0.88       650
weighted avg       0.90      0.88      0.88       650


Confusion Matrix:
[[9 0 0 ... 0 0 0]
 [0 8 0 ... 0 0 0]
 [0 0 8 ... 0 0 0]
 ...
 [0 0 0 ... 7 0 0]
 [0 0 0 ... 0 7 0]
 [0 0 0 ... 0 1 7]]