Accuracy RF test: 0.3123076923076923

Confusion Matrix:
[[8 0 0 ... 0 0 0]
 [0 5 0 ... 0 0 0]
 [0 0 1 ... 0 0 0]
 ...
 [0 1 1 ... 0 0 0]
 [0 0 0 ... 0 0 0]
 [1 0 0 ... 0 0 1]]

Classification Report:
              precision    recall  f1-score   support

           0       0.53      0.89      0.67         9
           1       0.25      0.62      0.36         8
           2       0.14      0.12      0.13         8
           3       0.55      0.67      0.60         9
           4       0.07      0.11      0.08         9
           5       0.25      0.60      0.35        10
           6       0.21      0.30      0.25        10
           7       0.80      0.50      0.62         8
           8       0.20      0.12      0.15         8
           9       0.13      0.38      0.19         8
          10       0.00      0.00      0.00         8
          11       0.40      0.25      0.31         8
          12       0.25      0.20      0.22        10
          13       0.39      0.78      0.52         9
          14       0.20      0.22      0.21         9
          15       0.18      0.22      0.20         9
          16       1.00      0.12      0.22         8
          17       0.67      0.40      0.50        10
          18       0.00      0.00      0.00         9
          19       0.18      0.22      0.20         9
          20       0.15      0.25      0.19         8
          21       0.20      0.22      0.21         9
          22       0.00      0.00      0.00         9
          23       0.30      0.60      0.40        10
          24       0.50      0.14      0.22         7
          25       0.50      0.10      0.17        10
          26       0.12      0.22      0.15         9
          27       0.31      0.44      0.36         9
          28       0.18      0.33      0.23         9
          29       0.33      0.62      0.43         8
          30       0.25      0.14      0.18         7
          31       0.00      0.00      0.00         8
          32       0.20      0.10      0.13        10
          33       0.30      0.33      0.32         9
          34       0.54      0.88      0.67         8
          35       0.00      0.00      0.00         8
          36       0.33      0.10      0.15        10
          37       0.29      0.62      0.40         8
          38       0.29      0.25      0.27         8
          39       1.00      0.12      0.22         8
          40       0.20      0.22      0.21         9
          41       0.00      0.00      0.00         9
          42       0.33      0.14      0.20         7
          43       0.39      0.78      0.52         9
          44       0.14      0.22      0.17         9
          45       0.38      0.77      0.51        13
          46       0.50      0.12      0.20         8
          47       0.62      0.89      0.73         9
          48       0.57      0.50      0.53         8
          49       0.33      0.12      0.18         8
          50       0.43      0.67      0.52         9
          51       0.56      0.56      0.56         9
          52       0.33      0.38      0.35         8
          53       0.40      0.25      0.31         8
          54       0.47      0.78      0.58         9
          55       0.00      0.00      0.00         8
          56       0.00      0.00      0.00         9
          57       0.00      0.00      0.00         8
          58       0.50      0.12      0.20         8
          59       0.83      0.56      0.67         9
          60       1.00      0.22      0.36         9
          61       0.25      0.11      0.15         9
          62       0.53      0.80      0.64        10
          63       0.00      0.00      0.00         8
          64       0.29      0.55      0.38        11
          65       0.27      0.33      0.30         9
          66       0.00      0.00      0.00         8
          67       0.20      0.11      0.14         9
          68       0.00      0.00      0.00         9
          69       0.40      0.29      0.33         7
          70       0.60      0.75      0.67         8
          71       0.50      0.12      0.20         8
          72       0.00      0.00      0.00         7
          73       0.00      0.00      0.00         8
          74       1.00      0.12      0.22         8

    accuracy                           0.31       650
   macro avg       0.32      0.30      0.27       650
weighted avg       0.32      0.31      0.28       650